5 5 5
00111
10011
10101
11110
10100

10 10 10
1YYYYYYYYY
Y0YYYYYYYY
Y0YYYYYYYY
Y0YYYYYYYY
Y0YYYYYYYY
Y0YYYYYYYY
Y0YYYYYYYY
Y0YYYYYYYY
Y0YYYYYYYY
Y0YYYYYYYY

0: 0 1 2 3 4
1: 2 0 1 3 4
0: 2 0 1 4 3
1: 2 0 4 1 3
0: 2 0 4 3 1
1: 2 1 0 3 4
0: 2 1 0 4 3
1: 2 1 4 0 3
0: 2 3 0 4 1
1: 2 3 1 0 4
0: 2 3 1 4 0
1: 2 3 4 1 0
0: 2 4 0 3 1
1: 2 4 1 0 3
0: 2 4 3 0 1
1: 3 0 1 2 4
0: 3 0 1 4 2
1: 3 0 2 1 4
0: 3 0 2 4 1
1: 3 0 4 1 2
0: 3 0 4 2 1
1: 3 1 0 2 4
0: 3 1 0 4 2
1: 3 1 2 0 4
0: 3 1 2 4 0
1: 3 1 4 0 2
0: 3 2 0 1 4
1: 3 4 0 1 2
0: 3 4 0 2 1
1: 3 4 1 0 2
0: 3 4 2 0 1
1: 3 4 2 1 0
0: 4 0 2 3 1
1: 4 1 0 2 3
0: 4 1 3 0 2
1: 4 3 0 1 2
0: 4 3 0 2 1
1: 4 3 1 0 2
0: 4 3 2 0 1
1: 4 3 2 1 0




0000000000
YYYYYYYYYY
YYYYYYYYYY
0000000000
0000000000
0000000000
0000000000
0000000000
0000000000

3 4 3
YYYY
YYYY
YYYY

10 10 3
YYYYYYYYYY
0000000000
YYYYYYYYYY
YYYYYYYYYY
0000000000
0000000000
0000000000
0000000000
0000000000
0000000000
